method,edge_id,q_m3_s,h_Pa
loop,3,2.7622129379106526,-0.010780936123680362
loop,5,4.029259374172127,-0.01248466201924714
loop,7,5.514445671910276,-2.365403113570448
loop,11,4.575224491457797,-0.5300154360079965
loop,19,3.7703085778683807,-0.06068480309115287
loop,21,0.3384284342585703,-0.006004320199334501
loop,23,-2.1275118752634365,-0.013112710739882516
loop,25,4.661838743818389,-0.07762334878459143
loop,27,7.60702059612341,-1.6607582197323048
loop,29,7.60702059612341,-0.9661434641930242
loop,35,7.60702059612341,-1.4296418076392925
loop,39,1.675812910242186,-0.7381408105277423
loop,41,1.485186297807061,-0.04192743466122906
loop,44,3.93907678612852,-2.434635668556318
loop,46,4.878297966580981,-0.1770555654175645
loop,50,4.510388594576437,-0.4289652608093597
loop,52,4.192655804809909,-0.02149833757917108
loop,54,-0.06966210987140865,-6.6046737998703975e-06
loop,60,0.1479500253908441,-0.08640762057346763
loop,68,0.9392211804049724,-0.019063851632562745
loop,74,5.027627005488626,-0.012031867853806943
loop,76,2.7622129379106526,-0.017960597020007185
loop,84,2.7622129379106526,-0.02097437604417962
loop,89,1.267046436213978,-0.030584602499175162
loop,90,0.3966360784469521,-0.001141829857193244
loop,91,1.0885502193126118,-0.008241268692078307
loop,92,1.6636825145920124,-0.019131306688692007
loop,97,2.945181852257524,-0.2802116266921715
loop,101,5.048769234930566,-0.20774407706067421
loop,103,8.50811561076231,-0.7605086562714973
loop,105,3.6343266901146216,-0.10550814395794816
loop,107,1.9336059090820585,-0.03695087479440673
loop,109,1.382047594765123,-8.985411312876082
loop,115,1.9336059091984739,-2.160368058828446
loop,121,1.9336059091984739,-0.31842508894003885
loop,123,8.640323248726922,-0.7031771954504222
loop,126,2.088994359512066,-0.046671883057413766
loop,138,3.4994169695843085,-0.20289038809637816
loop,140,3.4994169695843085,-0.26097278141609337
loop,142,9.853122733140552,-0.15203358573397452
loop,144,12.94461330145007,-0.4418636666629965
loop,146,12.94461330145007,-0.9839303410331439
loop,148,13.383978198391201,-1.5656038249071926
loop,149,6.70671733959737,-0.25413904752081606
loop,152,1.4104226100247437,-2.4633939187838436
loop,154,1.7007207809850668,-0.02516143277023275
loop,158,1.7007207809850668,-0.02388586180211405
loop,160,1.7007207809850668,-0.29907366657966605
loop,162,1.7007207809850668,-0.20281289147984438
loop,164,1.7007207809850668,-0.0861925863294033
loop,166,1.9088763576294066,-0.09026443527760364
loop,168,1.9088763576294066,-0.09814963784263142
loop,170,1.3594550157834815,-0.023868442849227733
loop,172,3.4994169695843085,-0.32980709392875696
loop,183,7.2794815034655596,-1.4983163108741309
loop,185,2.3481175303976682,-0.2085485221444756
loop,187,2.3481175303976682,-0.03677608509686081
loop,189,2.1399619537533288,-0.17902393703316477
loop,190,2.1399619537533288,-0.034048115310710614
loop,191,0.5494213417984276,-3.0997135942389207
loop,192,0.208155576596842,-0.0007895363744125916
loop,194,0.29192992714400745,-24.18122253028986
loop,202,0.29192992714400745,-0.014090273099292006
loop,207,7.683573001569439,-0.31514107574804484
loop,209,6.4799648665952265,-0.22997892855566704
loop,211,4.462027429094054,-0.5531508833188354
loop,213,4.204033835298026,-0.4148771400630764
loop,215,3.849021668976899,-0.03432628041172592
loop,217,3.849021668976899,-0.2983290077486771
loop,219,4.140951596284816,-0.042422865823745326
loop,221,7.216611671207044,-0.21144270662366438
loop,226,5.310635783073017,-3.92814969082589
loop,228,0.810342001133154,-0.009904971224479198
loop,230,5.243007506503378,-0.20361196897204792
loop,232,3.3716925645471343,-4.257637005415752
loop,234,4.762878356816846,-2.0987717775540276
loop,240,6.63419329877309,-0.3858577691685454
loop,242,7.032411207431267,-3.447840806898874
loop,245,3.1214272136114225,-0.06704370147784289
loop,247,8.282772150093466,-3.1333648557183906
loop,249,1.482696841728715,-0.024626363933940354
loop,251,0.5616276035535156,-9.224648092591792
loop,253,7.361702912034685,-0.6237806489958402
loop,255,8.282772150326297,-0.8596120606125908
loop,257,8.282772150326297,-0.4632163314649773
loop,259,8.282772150326297,-2.7971351104297497
loop,261,8.887082706496523,-0.2948332323068641
loop,263,8.887082706496523,-0.4168577014615735
loop,265,0.35944107134264874,-18.091433670417537
loop,266,0.6043105561227232,-17.12638346374728
loop,270,6.80007530831726,-1.3703527521310264
loop,274,5.5532636636340476,-1.7576229946928734
loop,280,5.5532636636340476,-0.5087466503215268
loop,288,0.6851845302767956,-7.414563534280319
loop,290,0.6851845302767956,-0.003154891088364309
loop,294,51.20479411080322,-34.28436897052139
loop,300,2.4626543147575743,-0.5142533760717143
loop,302,2.720647908553602,-0.44105110559682004
loop,304,3.075660074991143,-0.09391575165636823
loop,305,0.35501216639004496,-0.06774245040997329
loop,306,0.2579935937485308,-0.04156848487622966
loop,308,7.147273865733777,-6.879353417177306
loop,310,3.075660074991143,-0.11790551255489135
loop,311,3.075660074991143,-0.09551443936291548
loop,313,8.640323248726922,-8.704197427747708
loop,315,9.843931383701138,-6.858890187444096
loop,317,9.843931383701138,-1.8134424629184238
loop,319,8.465241496551425,-0.5734974897835556
loop,320,9.843931383584723,-0.4246641666520006
loop,325,1.3786898869857962,-0.5734974897835556
loop,326,34.144251056149294,-6.972828513388592
loop,328,41.360862727403806,-4.432478021753369
loop,329,41.360862727403806,-3.849122172499065
loop,331,-1.2036081349052936,-0.029237109250921378
loop,333,-1.2036081349052936,1.7719164043128899
loop,337,2.4626543147575743,-0.08046599212335082
loop,339,6.677260858746335,-0.1993431680261608
loop,344,0.9210692382441175,-0.15109698237164082
loop,358,19.054398660543473,-2.9789902387239273
loop,360,11.422094660171583,-0.8421467106008897
loop,362,12.667495257382416,-0.45138927173750076
loop,364,12.667495257382416,-0.45524044220380233
loop,366,15.75562388138634,-2.328984714272039
loop,368,15.75562388138634,-4.6815521985137885
loop,370,11.668508168841726,-1.265279892262626
loop,372,6.717388789829458,-0.1013018357851152
loop,374,3.410384040361745,-0.01624811486594524
loop,376,3.410384040361745,-1.7098901984113368
loop,378,3.295424630259909,-0.36498780780055995
loop,380,5.690180013600506,-1.8282321599750446
loop,382,3.856654103328808,-0.1310082619269437
loop,390,4.090458550862499,-0.16840608188839923
loop,393,5.765655492604771,-0.062197247478344764
loop,394,0.551558314385853,-8.985411312876082
loop,395,0.3177327897190337,-0.0008640663615473443
loop,400,0.5362991357881634,-0.026165359784684483
loop,402,0.36873743232695183,-0.003927551310859201
loop,403,0.9050365681626152,-0.007797748126055382
loop,404,0.5362991357881634,-20.634604765612295
loop,408,2.5171526358320855,-0.13894340202511302
loop,409,4.262317914750228,-0.023581225500308278
loop,412,1.7451652788706506,-0.13894340202511302
loop,424,4.873788920716609,-0.4189936035284205
loop,430,4.37933592414015,-0.02003342789819129
loop,432,4.607207746242404,-0.30069255425551233
loop,434,5.894541359322644,-0.13512570776718036
loop,436,4.113684980064375,-1.0778048405016634
loop,438,1.2873336131491588,-0.34430896873717387
loop,440,3.440598527194081,-1.1862932565150004
loop,442,1.6338626602057893,-1.2007309876121894
loop,444,1.8067358670572091,-0.12701696302922016
loop,455,4.931363973020394,-0.5581061470595614
loop,459,3.01716358866784,-0.16484212399513964
loop,474,0.41471655496340976,-0.00289097690052742
loop,479,2.534326868486048,-0.16481579608731067
loop,480,2.1035873825091262,-0.03777248182026938
loop,486,0.4944529965289577,0.022800996780190985
loop,488,-2.4659403095694983,0.020206703314350705
loop,493,5.992298203430785,-0.4233151415389642
loop,495,5.992298203430785,-0.8158933463003528
loop,496,6.460553908625283,-1.2115508924595595
loop,499,0.36545624698974155,-26.82479798056324
loop,517,0.3717685391856069,-27.063666253924247
loop,521,2.174219476455733,-0.31994367608651686
loop,525,6.122061976713326,-0.9711350258013383
loop,526,5.156065226743837,-0.3173186629174083
loop,527,4.796624155353695,-0.18631557142397526
loop,529,1.6751969416947745,-0.004846453999498124
loop,533,5.863204232093919,-0.2459686073701377
loop,535,10.178493491058058,-0.5636970115647415
loop,541,7.984050357179323,-0.8613232521519372
loop,545,7.984050357179323,-0.07394426972292933
loop,547,3.9556259751824965,-0.08256909686951275
loop,549,7.984050357179323,-4.8428397063711515
loop,551,2.4255842151861517,-0.21078079442998643
loop,553,1.7518112122306393,-0.02962967456242893
loop,555,1.7518112122306393,-33.9804125026633
loop,557,1.7518112122306393,-0.03385240187448346
loop,559,9.612142945327703,-0.5517727398238605
loop,561,9.949029370368779,-2.775884451707043
loop,563,9.949029370368779,-0.8177000946923414
loop,565,13.728163211763235,-4.997459188881322
loop,567,21.007490646913126,-4.991710156386446
loop,569,22.52864450383525,-1.1820602481866587
loop,573,22.52864450383525,-0.6532037523643766
loop,575,7.822838356554671,-0.857673151338247
loop,577,7.022292096002009,-1.9274317468000532
loop,580,4.091324116600107,-0.38774064463913405
loop,582,4.091324116600107,-0.2763932621430385
loop,584,3.290535302701979,-0.9068891842930178
loop,586,0.3594668453159911,-5.6128235915153155
loop,588,0.46825570514699755,-3.2191040654594296
loop,593,3.088128624072858,-0.025290899799855993
loop,597,7.999413228876196,-1.0845768828951101
loop,599,3.5731293192838165,-0.08878347839465306
loop,601,4.439619199689889,-0.11554130165745136
loop,603,8.911579659390277,-1.4627679460606053
loop,605,4.433996258348445,-0.5620099882634619
loop,607,12.629714996925387,-0.6389958618196694
loop,608,0.8007888138506316,-0.01254694666113565
loop,615,6.22866047901472,-0.2388682733610068
loop,617,12.158415814825327,-0.7120830208828792
loop,621,3.795618218014132,-0.12693758900481455
loop,630,0.3285172479960175,-27.826680152259748
loop,637,3.21378315505447,-0.07600671155219274
loop,639,2.8852659070109454,-0.050930877452621814
loop,660,10.116237294279498,-0.7992617871244789
loop,662,14.431526553243646,-1.0630047649852088
loop,663,4.911284604755845,-0.07499130735375203
loop,670,4.315289258916649,-0.23556477555973743
loop,673,12.908310131870138,-0.7848012558691551
loop,675,12.908310131870138,-2.1501221667804202
loop,679,13.717034105278234,-2.974950716667891
loop,687,14.391074309988966,-1.0719652304621548
loop,691,19.96487688705239,-4.65480769784682
loop,692,18.44372303013027,-0.570126460522971
loop,693,1.5211538569910381,-0.009857252581284115
loop,697,7.0222920961184245,-31.221327066073314
loop,700,7.022292096002009,-0.8238160664199512
loop,702,5.9565500619209795,-3.2696689501807157
loop,704,5.9565500619209795,-18.22054369480741
loop,713,9.5202419484403,-0.7478294407507065
loop,715,6.314221857544386,-0.24045233732540439
loop,717,6.0254648737358805,-0.09029358640793461
loop,719,4.331777755459205,-0.12112354696397176
loop,733,13.001699576477959,-1.3405204415845091
loop,742,17.063711255204918,-0.8988425364397088
loop,744,19.530903268785615,-0.35399133735504407
loop,746,28.44095545478008,-0.7102036176247282
loop,748,11.461986326892601,-0.6069623433042466
loop,749,11.82892618302726,-1.5104741246766693
loop,751,0.47650460819465007,-0.2280890680710428
loop,758,0.3669398560871579,-0.13525708815452475
loop,762,0.23539534011342886,-0.0004389103876931699
loop,764,6.451567416225788,-1.07569763062709
loop,766,6.451567416225788,-1.0336170585575957
loop,767,6.053349507567613,-0.05774943145097211
loop,768,0.3982179086106769,-8.100947267979357
loop,770,6.12097778413725,-4.239282189816947
loop,771,1.9548441252817887,-0.21206181334637364
loop,774,2.5530079200316806,-0.034120941813704064
loop,776,5.59392440288267,-0.3096655352682447
loop,778,5.8314807788090866,-0.06525783653327721
loop,780,6.391651006333946,-1.0220245691132206
loop,782,5.274994201267168,-0.059073671997083466
loop,784,6.395780016387257,-1.0830273094290632
loop,786,11.30393150545868,-2.2466080480351422
loop,788,10.928433334125225,-1.295583746941574
loop,790,9.576414884905434,-1.238329370811961
loop,792,5.744971716720753,-0.20806162896340652
loop,808,2.40998806811386,-0.39162468891128555
loop,810,2.40998806811386,-0.12346736723665686
loop,812,2.593004104321607,-0.013830589776304691
loop,814,2.593004104321607,-0.29551875561951135
loop,816,9.196931256926504,-17.88451382608735
loop,818,16.63226385414235,-1.7447192911634062
loop,820,16.63226385414235,-2.2885781981599536
loop,821,3.779133841230545,-0.8506985502967552
loop,827,2.1330205109668148,-0.12974142667984978
loop,828,3.831443168137183,-0.08044616299364549
loop,830,1.698422657239287,-0.04744943550763736
loop,835,4.0871157126135325,-0.7979078562435333
loop,837,4.0871157126135325,-0.9978776034924479
loop,839,6.835039667472349,-1.633393296568748
loop,841,12.393505809465521,-5.2775075685381765
loop,843,6.308547458831486,-0.6388338207393645
loop,845,6.070991083021485,-0.10069314021870213
loop,847,5.510820855380208,-1.0358004796786844
loop,849,6.627477660563406,-0.03680923573420358
loop,851,5.506691845443314,-0.8135836658144271
loop,853,0.5985403562554781,-0.007411845217497159
loop,855,6.6803507975067244,-0.13017721213068967
loop,857,6.6803507975067244,-0.8733520882405443
loop,859,4.272315326658555,-0.3709856854394147
loop,861,4.272315326658555,-0.3171585372789778
loop,863,4.272315326658555,-0.3737600925334732
loop,865,5.3614117683152855,-0.5787177728964679
loop,866,0.37549817140237035,-4.214460091326593
loop,867,1.3520184491722973,-0.09659822242102933
loop,868,2.4080354708006775,-1.2405135461593773
loop,870,0.56017022759378,-0.002788030210176373
loop,871,0.23755637587891812,-0.038223333895601286
loop,873,4.235188024527794,-0.24629044250821863
loop,875,2.1208714345419017,-0.07650810877232317
loop,877,2.1208714345419017,-0.040932670340886546
loop,878,1.5592441960188415,-0.008523936280624866
loop,879,1.833525910224203,-0.07869678011140735
loop,880,2.114316590171225,-0.07365323357829823
loop,887,10.376967250885258,-0.5373304321364643
loop,895,10.376967250885258,-1.6776769804982266
loop,897,10.228374049655422,-0.24993630968649683
loop,899,4.012201973659477,-0.4271541857157928
loop,901,1.6174465903188768,-0.04757961946497602
loop,903,0.8087226167943602,-32.36133428985665
loop,906,12.099587515028272,-1.2455713535209725
loop,913,0.635973929685105,-1.984398231227292
loop,915,4.922012866913804,-4.1688463307281545
loop,917,6.496209640078529,-1.7481656415691518
loop,919,6.362781166852829,-0.16368079102865352
loop,920,6.644802841191948,-0.625521285777694
loop,921,6.409407501031025,-1.9817235377685165
loop,923,0.8087239734770194,-35.296257712506225
loop,927,2.3947553832931026,-0.3436610868660921
loop,928,5.55798679664641,-1.5476499833079593
loop,930,0.8005462605051662,-85.27560540725506
loop,932,0.2697660767322516,-22.21926213161099
loop,939,8.910052185946963,-1.0395993472777256
loop,949,0.3421399214827214,-0.001292924672259943
loop,953,3.481137182087054,-0.22215297038789217
loop,954,3.749184195069889,-0.10182443230791094
loop,956,1.6421540391030933,-19.506768833032634
loop,958,1.6421540391030933,-0.007324155416196021
loop,960,0.268047013051752,-0.22938655010585762
loop,962,1.3741070260038442,-0.007233579717965455
loop,964,13.345575917786222,-0.9382539611697212
loop,965,9.9130554215445,-1.2561683803674022
loop,966,3.4325204961942246,-0.3269441833660416
loop,968,1.2454005971633408,-3.5930478812537743
loop,990,0.8664898803585778,-5.590279413505709
loop,991,0.8664898803585778,-0.0038531294868597854
loop,993,4.471960459769301,-0.2853176058169211
loop,998,0.28875698376100584,-22.437349836147575
loop,999,5.573802577132338,-0.32704520595834197
loop,1000,4.951119378964772,-0.2532498270552779
loop,1002,1.933713177225474,-0.21901889404271202
loop,1004,1.933713177225474,-0.024600503722027156
loop,1006,1.933713177225474,-0.04546923928558755
loop,1007,1.933713177225474,-0.01456436570866515
loop,1009,0.5590807945613993,-1.726138313277282
loop,1011,0.6740402046632368,-0.007115265223092138
loop,1013,0.6740402046632368,-46.14377391121866
loop,1014,0.965996750038406,-27.91808440023074
loop,1016,9.246523777886665,-0.2346925644214366
loop,1018,9.246523777886665,-1.0410261072478875
loop,1020,9.246523777886665,-1.3695956974379015
loop,1022,10.571963526419303,-5.359534793040098
loop,1023,0.5616272384755633,-27.340948975748695
loop,1024,11.133590764942369,-1.5280160075645028
loop,1026,1.3254397484851512,-0.016018416023946713
loop,1028,1.3254397484851512,-20.651478461902506
loop,1030,1.3254397484851512,-0.02591441706177733
loop,1032,1.3254397484851512,-0.006410528632528667
loop,1033,1.3254397484851512,-0.014170272368929204
loop,1035,6.216172076064862,-0.37651590920099665
loop,1043,0.2820216742916238,-0.0004025327275627433
loop,1045,4.028424381949325,-0.08256909686951275
loop,1050,0.13342847317820225,-6.39667447330794e-05
loop,1052,0.6737730030244322,-0.0019961063520810285
loop,1054,0.6737730030244322,-0.0027029377348881667
loop,1055,0.33688642510999467,-34.759501790724094
loop,1058,2.5530079200316806,-0.333270677553017
loop,1059,0.3368865778669399,-34.207729050900234
loop,1060,5.5584661419456705,-1.553385636207537
loop,1068,34.144251056149294,-20.100072964275657
loop,1070,43.59777351416662,-28.216869123302676
loop,1073,3.6701879233641006,-0.4617072964678748
loop,1078,26.26656138673244,-1.2749947926093483
loop,1080,48.79520589049878,-8.716738923617868
loop,1085,21.37504174836819,-0.8205787679010932
loop,1088,0.3421399214827214,-2.260041457766441
loop,1093,51.29397296971292,-19.314697078212493
loop,1094,1.1358358450558492,-1.292284023050815
loop,1096,4.562496462805558,-1.1625112209024806
loop,1098,0.3595164040607486,-0.004629033007624628
loop,1099,0.3595164040607486,-1.9445082176922952
loop,1101,7.632304000440797,-0.6389086418472267
loop,1102,3.2060200908484195,-0.4117387494981557
loop,1104,5.1082535160943925,-1.730727489788597
loop,1105,0.8277225503940709,-0.004121024591892564
loop,1138,0.49103394765636876,-0.0020277715804866148
loop,1140,0.49103394765636876,-4.412905954382666
loop,1142,9.275256367413265,-0.16853351588699184
loop,1143,7.523445155135127,-22.64145682345461
loop,1165,7.984050357179323,-0.18989653405570195
loop,1166,12.310680427925398,-1.1642290136617177
loop,1184,20.294730785152215,-4.362591626221999
loop,1185,13.717034105161819,-7.810774406868191
loop,1188,4.873788920600194,-0.6592159694180708
loop,1192,3.4318801435623145,-0.023320046613157785
loop,1195,4.062011678679454,-0.15943890904570424
loop,1197,1.698422657239287,-18.51209913454985
loop,1202,4.141651162201991,-0.10343424432669579
loop,1204,4.352945205021601,-0.029672774646105182
loop,1206,4.586368039389474,-0.21251429942198286
loop,1208,0.2112940427721061,-0.1346276963568016
loop,1210,0.23342283443679648,-0.1643004710029068
loop,1213,6.9246817437827115,-1.3470455950622195
loop,1216,0.44471687725640013,-21.170769126359726
loop,1231,4.262317914750228,-0.08584074481645843
loop,1246,0.965996750038406,-0.021593084545898478
loop,1248,5.415898299395146,-1.2588981504382843
loop,1249,0.965996750038406,-0.001940018270133237
loop,1262,0.6851845302767956,-0.008503652125533279
loop,1263,6.800075308433676,-0.4526996269004897
loop,1268,0.9210692382441175,-0.0940857680542635
loop,1269,0.9210692382441175,-9.603245991161728
loop,1281,3.5319504305073592,-0.36739161936672105
loop,1284,7.435332597168355,-0.45388304251852674
loop,1286,0.37549817140237035,-0.0004824974630892598
loop,1287,5.736909939881569,-16.958965262014985
loop,1293,1.2983514804482155,-0.0801271655688538
loop,1295,4.505932941050693,-0.0760363496501597
loop,1297,6.353705763508746,-0.18121903083537916
loop,1298,5.804284421662821,-0.5089842542192997
loop,1301,5.4551764624979295,-0.8338755430398663
loop,1303,0.4393648968936329,-0.002403366832147924
loop,1305,13.383978198391201,-1.4283895766373007
loop,1306,0.4393648968936329,-6.822066400632089
loop,1315,1.1464666874506313,-4.087711125010774
loop,1317,5.477531689821658,-4.193508699828257
loop,1322,0.14859320118233924,-8.948999454361228e-05
loop,1323,0.13342847317820225,-0.1632142915563577
loop,1333,3.9694648349706445,-0.20630183253896206
loop,1335,6.835039667472349,-3.4388014121737953
loop,1336,2.7479239548113172,-0.42920373168824
loop,1342,1.116656805135703,-0.010987880355287416
loop,1343,1.8713149419087458,-7.453728098387792
loop,1344,1.1207858150726002,-0.011276555907592467
loop,1350,4.908151489140338,-0.2807201995222286
loop,1359,0.4599835931908803,-0.0017694845689177896
loop,1361,5.284988123482376,-0.2451791911068426
loop,1368,0.27696755709954857,-0.00035647614117095827
loop,1369,0.18301603616024925,-0.690183490554169
loop,1371,2.40998806811386,-0.1747349582650557
loop,1472,6.114890778109382,-0.21619990351749152
loop,1577,6.677260858746335,-0.031223374507199253
loop,1582,7.147273865733777,-0.4937733401982669
loop,1594,3.028606889923746,-0.15772180351284248
loop,1597,3.4593463759006657,-0.2455165588809436
loop,1600,0.4700130069399462,-10.527682398243165
loop,2059,-0.02443998952009471,-6.816536959775021e-06
loop,2060,0.2278718220547556,-0.04284124121534205
loop,2063,0.20343183258215913,-0.0007751732663194844
loop,2087,2.1070301560357145,-19.521326568166796
loop,2088,5.9565500619209795,-2.0414053944008685
loop,2090,1.5535044139190815,-0.006670571164679728
loop,2091,2.778273341492621,-5.431026809997778
loop,2195,2.9890397083925713,-0.02269327028100321
loop,2210,-0.05673678115982556,0.01439968141481529
loop,2212,12.785425660351878,-2.5687221557877535
loop,2216,2.9323029272802423,-0.9261509100606062
loop,2224,0.3922479609388197,-0.0005158892598728926
loop,2231,0.3355111797100764,-0.0016998856185779232
loop,2234,0.3355111797100764,-0.001875041040243275
loop,2245,3.1482273494907633,-1.0371023181978174
loop,2254,-0.05673678115982556,-0.00028409512743365894
loop,2255,-0.05673678115982556,-0.006469690798027727
loop,2267,0.1001206544567817,-0.020152669860053152
loop,2282,0.5636583330120778,-0.6386427017012224
loop,2284,4.166133658807965,-0.5942402992539328
loop,2288,0.6755893713768496,-0.1941017017035378
loop,2301,5.284988123482376,-0.49837460776023335
loop,2308,3.5962639672650942,-0.04128250155501689
loop,2310,5.284988123482376,-0.12284097468895538
loop,2316,5.284988123482376,-0.09362504540785466
loop,2328,1.688724156169782,-0.015339774513620341
loop,2330,1.688724156169782,-0.010012632146739975
loop,2331,1.688724156169782,-0.015930094894656577
loop,2342,0.5616271144278354,-6.387288435322489
loop,2353,6.114890778109382,-0.8227337386542359
loop,2359,5.5532636636340476,-1.8320677065781368
loop,2367,5.5532636636340476,-0.23095130377328843
loop,2369,5.5532636636340476,-1.3107696909573932
loop,2370,5.5532636636340476,-0.7471300889992705
loop,2379,2.462812752376826,-0.27184725355290595
loop,2382,1.3163460648786975,-5.2698797586071
loop,2383,2.462812752376826,-0.0752176039472019
loop,2428,4.16613365892438,-0.06236251409012539
loop,2430,5.328332348286934,-3.912098371702477
loop,2431,4.729791991983956,-4.241953809411243
loop,2461,3.779133841230545,-0.07283744820865934
loop,2466,5.965158398470723,-0.04643596470553746
loop,2468,12.85313001263148,-2.043725708325411
loop,2469,12.85313001263148,-1.172775750012292
loop,2474,6.887971614113255,-0.07429754353039186
loop,2475,5.965158398470723,-0.027861578824854405
loop,2479,26.581293224209382,-1.314211178016805
loop,2480,12.85313001263148,-2.630196185518642
loop,2482,0.21761213521475553,-0.020640875891423605
loop,2504,2.9890397083925713,-0.01013156240104962
loop,2505,0.15918764105069616,-3.5276978985304126
loop,2530,4.762878356816846,-0.5145867723257709
loop,2532,4.762878356816846,-0.5827325430922414
loop,2536,3.4905442875000334,-0.0644406440482399
loop,2542,3.4905442875000334,-0.09451050782420367
loop,2549,3.4905442875000334,-0.035150549831094224
loop,2558,2.088994359512066,-0.02688160882799906
loop,2561,2.088994359512066,-2.389840426898431
loop,2587,1.318939029027529,-0.039461090081431394
loop,2590,1.318939029027529,-0.044686848968957804
loop,2592,2.9533762974671114,-0.17860923090751157
loop,2593,1.318939029027529,-0.1609443278149385
loop,2595,1.318939029027529,-0.013988124904990684
loop,2596,1.318939029027529,-0.026581090479822933
loop,2606,-0.05673678115982556,-0.00028409512743365894
node,3,2.762212937777966,-0.010780936103156336
node,5,4.029259373723639,-0.012484662016468917
node,7,5.514445671101534,-2.365403112876635
node,11,4.5752244884941575,-0.5300154353213529
node,19,3.7703085883841783,-0.06068480342966609
node,21,0.33842844146644474,-0.0060043204550943585
node,23,-2.1275118751336235,-0.013112710738283795
node,25,4.661838743539691,-0.0776233526899297
node,27,7.607020595546153,-1.6607582180527594
node,29,7.607020595546165,-0.9661434640463966
node,35,7.607020595546152,-1.4296418057908653
node,39,1.675812910289246,-0.7381408108833547
node,41,1.4851862973781804,-0.04192743464718163
node,44,3.9390767845433357,-2.434635666596801
node,46,4.878297967150702,-0.17705556545892165
node,50,4.5103885849872185,-0.4289652589853752
node,52,4.192655792681984,-0.021498337454797678
node,54,-0.06966212684594272,-6.6046770186289905e-06
node,60,0.1479500072742844,-0.08640762520195722
node,68,0.9392211826073893,-0.019063850385670378
node,74,5.027627003767167,-0.0120318678455682
node,76,2.762212937777989,-0.017960597018280566
node,84,2.762212937777624,-0.020974376042158127
node,89,1.2670464359455782,-0.030584602486218415
node,90,0.3966360781541232,-0.001141829855505705
node,91,1.0885502192237064,-0.008241268687314118
node,92,1.6636825141000644,-0.019131306677376614
node,97,2.945181852006429,-0.2802116305925466
node,101,5.0487692346671125,-0.20774407689711083
node,103,8.508115609453878,-0.7605086560375867
node,105,3.6343266902243574,-0.10550814396432173
node,107,1.9336059097761882,-0.036950874820938395
node,109,1.3820475952361109,-8.985411317895519
node,115,1.9336059097760216,-2.160368060119005
node,121,1.9336059097760072,-0.31842508913025114
node,123,8.640323247194575,-0.7031771952010075
node,126,2.088994360882802,-0.04667188311866255
node,138,3.499416971651595,-0.20289038833609396
node,140,3.499416971651538,-0.2609727828241404
node,142,9.85312273446464,-0.15203358725358385
node,144,12.944613307096262,-0.4418636670484588
node,146,12.944613307096299,-0.983930016271735
node,148,13.383978193759198,-1.5656038238235297
node,149,6.706717337418496,-0.2541393725454739
node,152,1.410422610768715,-2.4633939213826324
node,154,1.7007207804485975,-0.025161432754359225
node,158,1.7007207804483135,-0.023885861787036333
node,160,1.7007207804484477,-0.2990736663909388
node,162,1.7007207804484445,-0.20281289135186142
node,164,1.7007207804484514,-0.0861925858151551
node,166,1.908876357914737,-0.09026443530459005
node,168,1.9088763579147356,-0.09814963787196973
node,170,1.359455015839517,-0.023868443196278122
node,172,3.4994169716515553,-0.3298070943184186
node,183,7.2794815012741445,-1.4983163099720187
node,185,2.348117533278344,-0.20854852265617296
node,187,2.3481175332785016,-0.03677608518709974
node,189,2.139961955812057,-0.17902393737762168
node,190,2.1399619558121015,-0.034048115376222654
node,191,0.5494213420752551,-3.099713599261875
node,192,0.20815557746590144,-0.0007895363810064282
node,194,0.29192992718400473,-24.181222536915993
node,202,0.29192992718400285,-0.014090273103150253
node,207,7.683572999461105,-0.31514107557509874
node,209,6.479964864168534,-0.22997892679798326
node,211,4.462027428241286,-0.5531508831073992
node,213,4.2040338340932175,-0.4148771398252791
node,215,3.8490216677667743,-0.03432628039013963
node,217,3.8490216677663955,-0.2983290065671511
node,219,4.140951594950535,-0.04242286579640364
node,221,7.21661166870395,-0.2114427049461156
node,226,5.310635783198429,-3.92814969101142
node,228,0.8103420011255281,-0.009904971331160084
node,230,5.243007506660995,-0.20361196898429057
node,232,3.371692564690184,-4.2576370057632715
node,234,4.762878356881593,-2.0987717776110912
node,240,6.634193298852387,-0.38585776920955794
node,242,7.032411207475159,-3.4478408068798956
node,245,3.1214272137147234,-0.06704370131942028
node,247,8.282772150320113,-3.133364855889873
node,249,1.4826968417927189,-0.024626363936064877
node,251,0.5616276035504811,-9.22464809249211
node,253,7.361702912077997,-0.6237806490031801
node,255,8.282772150320115,-0.8596120606113047
node,257,8.282772150320115,-0.4632163314642881
node,259,8.282772150320106,-2.797135110554194
node,261,8.887082706446499,-0.29483323230354586
node,263,8.887082706446408,-0.41685770160677293
node,265,0.35944107134455605,-18.091433670609533
node,266,0.6043105561263177,-17.126383463951015
node,270,6.800075308527529,-1.3703527522157728
node,274,5.553263663846098,-1.757622994827102
node,280,5.553263663846091,-0.5087466495712292
node,288,0.6851845302668343,-7.414563534064733
node,290,0.6851845302665972,-0.0031548910882719383
node,294,51.204794109231294,-34.2843689684164
node,300,2.4626543132786503,-0.5142533760856693
node,302,2.720647907426697,-0.4410511052061352
node,304,3.0756600737535362,-0.0939157515807878
node,305,0.35501216632680477,-0.06774245038583615
node,306,0.25799359414806655,-0.041568485004980005
node,308,7.147273863533434,-6.879353417708536
node,310,3.07566007375353,-0.11790551246000547
node,311,3.0756600737534665,-0.09551443832706497
node,313,8.640323247194551,-8.704197424660308
node,315,9.843931382487082,-6.858890185752273
node,317,9.843931382487082,-1.8134424624711158
node,319,8.46524149573444,-0.5734974895895775
node,320,9.84393138248711,-0.4246641680221046
node,325,1.3786898867526354,-0.5734974895895775
node,326,34.14425105804027,-6.9728285141609305
node,328,41.36086272674421,-4.432478021611999
node,329,41.36086272674423,-3.8491221723763047
node,331,-1.2036081352924046,-0.029237109269729444
node,333,-1.2036081352925267,1.7719163990353053
node,337,2.462654313278687,-0.0804659920267099
node,339,6.6772608563407125,-0.1993431678825246
node,344,0.921069238242092,-0.1510969823709729
node,358,19.054398660703725,-2.978990238774035
node,360,11.422094660214693,-0.8421467106856717
node,362,12.667495257401487,-0.45138927173886145
node,364,12.667495257401455,-0.4552404422051701
node,366,15.755623881639352,-2.328984714346838
node,368,15.755623881639346,-4.681552198664139
node,370,11.668508168958715,-1.2652798922879995
node,372,6.717388789854877,-0.10130183578588259
node,374,3.410384040509903,-0.01624811486735922
node,376,3.4103840405099626,-1.70989019844302
node,378,3.2954246304127306,-0.3649878078344102
node,380,5.690180013600454,-1.828232159975009
node,382,3.8566541034083994,-0.13100826193235093
node,390,4.0904585510309035,-0.16840608190226902
node,393,5.765655492731597,-0.06219724748108035
node,394,0.5515583145399089,-8.985411317895519
node,395,0.3177327923051955,-0.0008640663756125377
node,400,0.5362991359275884,-0.026165359798291377
node,402,0.36873742237189855,-0.0039275510423877336
node,403,0.9050365582996857,-0.007797747956097112
node,404,0.5362991359276112,-20.63460477634307
node,408,2.5171526367291346,-0.13894340264987548
node,409,4.262317919523376,-0.02358122555312292
node,412,1.7451652827942408,-0.13894340264987548
node,424,4.873788919229363,-0.4189936032727104
node,430,4.379336167788808,-0.020033326195878942
node,432,4.607207725016723,-0.3006926585619141
node,434,5.894541346725975,-0.13512570718965122
node,436,4.113684980594708,-1.0778048407795637
node,438,1.2873336217092402,-0.3443089733161173
node,440,3.4405985333064506,-1.1862932607300039
node,442,1.6338626620325418,-1.20073099029716
node,444,1.8067358712738888,-0.12701696362210413
node,455,4.93136396799577,-0.5581061459222383
node,459,3.017163581750746,-0.16484212323931047
node,474,0.4147165651668997,-0.002890977042785181
node,479,2.534326868406035,-0.16481579607690477
node,480,2.103587382660687,-0.037772481825712134
node,486,0.49445275144017536,0.022800999041251657
node,488,-2.4659403166001224,0.020206703246447688
node,493,5.992298203109085,-0.4233151414935108
node,495,5.992298203109112,-0.815893345068762
node,496,6.4605539081448935,-1.2115508936349428
node,499,0.36545624699134355,-26.824797980804515
node,517,0.371768539187366,-27.063666254180358
node,521,2.174219476522146,-0.3199436761060639
node,525,6.122061976801188,-0.9711350258292129
node,526,5.156065226760063,-0.3173186629194049
node,527,4.7966241554155,-0.18631557142877853
node,529,1.6751969416996857,-0.004846453838339926
node,533,5.863204232216857,-0.24596860748044236
node,535,10.17849349118462,-0.5636970115702269
node,541,7.984050357372449,-0.861323252193607
node,545,7.984050357372551,-0.07394426972651047
node,547,3.955625975335874,-0.08256909687307967
node,549,7.984050357372442,-4.842839706605432
node,551,2.4255842152088922,-0.21078079443393705
node,553,1.7518112122326384,-0.029629674562499986
node,555,1.7518112122325298,-33.980412502736634
node,557,1.751811212232702,-0.03385240187456873
node,559,9.612142945252733,-0.5517727398238605
node,561,9.949029370362359,-2.7758844517034618
node,563,9.949029370362323,-0.8177000946912756
node,565,13.728163211774987,-4.997459188889877
node,567,21.00749064683448,-4.991710156324302
node,569,22.528644503956905,-1.18206024819942
node,573,22.52864450395683,-0.6532037524399357
node,575,7.822838356588795,-0.8576731513457361
node,577,7.022292096079141,-1.9274317474438476
node,580,4.09132411666974,-0.3877406446523324
node,582,4.091324116669724,-0.2763932621524461
node,584,3.2905353027262954,-0.9068891843064222
node,586,0.35946684532027845,-5.612823591649203
node,588,0.46825570503579467,-3.2191040639304624
node,593,3.0881286242380117,-0.025290899836370784
node,597,7.999413229034483,-1.0845768829380305
node,599,3.573129319398262,-0.0887834782878798
node,601,4.439619199765585,-0.11554130166139132
node,603,8.91157965968478,-1.4627679461572853
node,605,4.433996258239843,-0.5620099880777758
node,607,12.629714996897016,-0.6389958618167988
node,608,0.800788813943472,-0.012546946468290798
node,615,6.228660479208172,-0.23886827337584293
node,617,12.158415815064085,-0.7120830209108462
node,621,3.795618218133231,-0.12693758928309506
node,630,0.32851724799775733,-27.8266801528218
node,637,3.2137831550609532,-0.07600671155249827
node,639,2.8852659070632845,-0.05093087773059679
node,660,10.11623729434949,-0.7992617871355385
node,662,14.431526553317255,-1.0630047649960517
node,663,4.911284604796569,-0.0749913075030868
node,670,4.315289258967721,-0.23556477556531163
node,673,12.908310131599515,-0.7848012558362427
node,675,12.90831013159952,-2.1501221667326575
node,679,13.717034105076891,-2.974950716580551
node,687,14.391074309740876,-1.0719652304251923
node,691,19.964876887345408,-4.654807697983458
node,692,18.443723030222994,-0.5701264606052945
node,693,1.5211538571228649,-0.009857252582989418
node,697,7.0222920960791395,-31.221327065723997
node,700,7.022292096079131,-0.8238160664380416
node,702,5.9565500619026714,-3.26966895012621
node,704,5.9565500619026714,-18.2205436946954
node,713,9.520241948520626,-0.7478294407633257
node,715,6.314221857667882,-0.24045233733480842
node,717,6.025464873903818,-0.09029358641631546
node,719,4.331777755568603,-0.12112354697008954
node,733,13.001699576303333,-1.3405204415484988
node,742,17.063711255136834,-0.8988425364325359
node,744,19.530903268784115,-0.3539913373549908
node,746,28.440955454916644,-0.7102036176315494
node,748,11.461986327001279,-0.6069623431888829
node,749,11.82892618295358,-1.5104741246578506
node,751,0.4765046080803433,-0.2280890680708012
node,758,0.3669398559523026,-0.1352570880551056
node,762,0.23539532264474053,-0.00043891019770825324
node,764,6.45156741640935,-1.0756976306883033
node,766,6.45156741640937,-1.0336170586164215
node,767,6.053349507786587,-0.0577494314551501
node,768,0.39821790862276596,-8.10094726847121
node,770,6.120977784324039,-4.239282190075684
node,771,1.9548441252557134,-0.21206181334071772
node,774,2.553007920089459,-0.03412094181860681
node,776,5.593924403014423,-0.30966553528283214
node,778,5.831480778890711,-0.06525783653510331
node,780,6.3916510064187815,-1.0220245691403491
node,782,5.274994201376003,-0.05907367199952063
node,784,6.3957800164090655,-1.0830273094364458
node,786,11.303931505645178,-2.246608048109273
node,788,10.928433334234459,-1.2955837469674734
node,790,9.576414885080334,-1.238329370857194
node,792,5.744971716830889,-0.20806162897138591
node,808,2.409988068177611,-0.39162468893200497
node,810,2.4099880681776105,-0.12346736722602714
node,812,2.593004104340985,-0.013830589776510749
node,814,2.5930041043410124,-0.29551875637200453
node,816,9.196931257011459,-17.88451382593643
node,818,16.632263854076673,-1.7447192911496217
node,820,16.632263854076673,-2.2885781981418774
node,821,3.7791338414126274,-0.8506985496014039
node,827,2.133020511038426,-0.12974142668856103
node,828,3.8314431682493857,-0.08044616299835639
node,830,1.6984226572110404,-0.047449435506059956
node,835,4.087115712680658,-0.7979078562697453
node,837,4.08711571268065,-0.9978776035252181
node,839,6.835039667458803,-1.633393296562275
node,841,12.393505809622349,-5.277507568671737
node,843,6.30854745892958,-0.6388338207592312
node,845,6.070991083053306,-0.10069314021976083
node,847,5.510820855525252,-1.0358004797332114
node,849,6.627477660567996,-0.03680923574307826
node,851,5.506691845534956,-0.8135836658415059
node,853,0.5985403562987935,-0.007411845796909233
node,855,6.680350797585763,-0.13017721213377342
node,857,6.68035079758562,-0.8733520882611714
node,859,4.272315326714088,-0.37098568544905675
node,861,4.272315326714067,-0.3171585372872201
node,863,4.272315326714107,-0.3737600925431934
node,865,5.361411768443488,-0.5787177729241435
node,866,0.3754981714106997,-4.2144600915135655
node,867,1.3520184491541483,-0.09659822315075672
node,868,2.4080354708715763,-1.2405135462324282
node,870,0.5601702275276835,-0.002788030225637783
node,871,0.2375563758762763,-0.03822333391029531
node,873,4.235188024681219,-0.24629044252606036
node,875,2.120871434594063,-0.07650810877608905
node,877,2.1208714345941426,-0.04093267034290449
node,878,1.5592441961167052,-0.008523936075711447
node,879,1.8335259101919648,-0.07869678031764948
node,880,2.114316590087084,-0.07365323358000353
node,887,10.376967251597893,-0.5373304322102683
node,895,10.376967251597922,-1.6776769807286627
node,897,10.228374047043005,-0.2499363095588265
node,899,4.012201973460834,-0.42715418567349417
node,901,1.6174465902730573,-0.04757961946228306
node,903,0.8087226167957368,-32.361334289966805
node,906,12.099587514803833,-1.2455713533855999
node,913,0.6359739296620655,-1.984398231650161
node,915,4.922012867006442,-4.168846330885078
node,917,6.49620963947558,-1.7481656412446398
node,919,6.362781166311521,-0.16368079100080024
node,920,6.6448028440295674,-0.6255212863119439
node,921,6.409407501203332,-1.9817235378750695
node,923,0.8087239734773572,-35.296257712535706
node,927,2.3947553831877215,-0.3436610867174963
node,928,5.557986796668506,-1.547649983320266
node,930,0.800546260509675,-85.27560540821564
node,932,0.26976607673506564,-22.219262132074544
node,939,8.91005218613261,-1.0395993473210474
node,949,0.34213992148714567,-0.0012929246722919174
node,953,3.4811371821263117,-0.2221529703929015
node,954,3.749184195182595,-0.10182443214542758
node,956,1.6421540391220777,-19.506768833483655
node,958,1.6421540391218918,-0.0073241554163629985
node,960,0.26804701305626966,-0.2293865501191128
node,962,1.3741070260660668,-0.007233579726211303
node,964,13.345575917924617,-0.9382539611891794
node,965,9.913055421659612,-1.256168380396577
node,966,3.4325204962650027,-0.3269441833675444
node,968,1.2454005971867599,-3.5930478813889053
node,990,0.8664898803673207,-5.590279413618521
node,991,0.8664898803675875,-0.0038531297859805136
node,993,4.471960459919242,-0.2853176058759388
node,998,0.2887569837640856,-22.43734983662619
node,999,5.573802577604564,-0.32704520575785523
node,1000,4.951119379103865,-0.25324982706951005
node,1002,1.9337131765636983,-0.21901889398453278
node,1004,1.9337131765634932,-0.024600503705187293
node,1006,1.933713176563815,-0.04546923925447288
node,1007,1.933713176563675,-0.014564365698696236
node,1009,0.5590807945667586,-1.7261383133103791
node,1011,0.6740402046642007,-0.0071152652231063485
node,1013,0.6740402046639878,-46.143773911321496
node,1014,0.9659967500411261,-27.91808440038796
node,1016,9.246523777791008,-0.2346925644165836
node,1018,9.246523777790996,-1.0410261072263438
node,1020,9.246523777790966,-1.369595697409551
node,1022,10.57196352628531,-5.3595347930514805
node,1023,0.5616272384773549,-27.34094897592312
node,1024,11.133590764762648,-1.5280160075712246
node,1026,1.325439748494446,-0.016018416024174087
node,1028,1.3254397484943246,-20.651478462188358
node,1030,1.3254397484942584,-0.0259144170621326
node,1032,1.325439748494022,-0.006410528632613932
node,1033,1.3254397484942717,-0.01417027238988311
node,1035,6.216172073582016,-0.3765159089002239
node,1043,0.2820216776018636,-0.000402532843011727
node,1045,4.028424382036298,-0.08256909687307967
node,1050,0.13342847316177864,-6.396674471886854e-05
node,1052,0.6737730029764258,-0.0019961063517968114
node,1054,0.6737730029760491,-0.002702937734497368
node,1055,0.3368864251097073,-34.75950179066481
node,1058,2.553007920089412,-0.3332706775680876
node,1059,0.336886577866648,-34.207729050840946
node,1060,5.558466142163561,-1.5533856358803746
node,1068,34.14425105804027,-20.100072966502022
node,1070,43.59777351368514,-28.216869122679444
node,1073,3.6701879301946163,-0.4617072981864254
node,1078,26.266561386811723,-1.2749947926170506
node,1080,48.795205890768734,-8.716738923714317
node,1085,21.37504174866088,-0.8205787679235641
node,1088,0.34213992148714917,-2.2600414578249364
node,1093,51.293972970123455,-19.314697078521668
node,1094,1.1358358450587172,-1.2922840230573414
node,1096,4.562496462911846,-1.1625112209566417
node,1098,0.3595164040948421,-0.004629032732943017
node,1099,0.3595164040945935,-1.944508218058406
node,1101,7.632304000489035,-0.638908641855302
node,1102,3.206020090852769,-0.41173874967779156
node,1104,5.108253516191413,-1.7307274898543397
node,1105,0.8277225503559859,-0.004121024591512423
node,1138,0.49103394767796427,-0.0020277715806642505
node,1140,0.4910339476783209,-4.41290595477723
node,1142,9.275256367385806,-0.1685335157535377
node,1143,7.523445155153474,-22.64145682331094
node,1165,7.984050357372419,-0.1898965340648857
node,1166,12.31068042816165,-1.1642290137064037
node,1184,20.2947307855341,-4.36259162638618
node,1185,13.71703410507688,-7.8107744068491485
node,1188,4.873788919229386,-0.6592159690472457
node,1192,3.431880146917502,-0.023320046658756866
node,1195,4.062011678833552,-0.15943890938758187
node,1197,1.6984226572110037,-18.512099135193843
node,1202,4.141651162615317,-0.10343424434734061
node,1204,4.352945205485566,-0.029672774652429013
node,1206,4.586368039966692,-0.21251429947547607
node,1208,0.2112940428703726,-0.1346276964127746
node,1210,0.23342283448104814,-0.16430047106520362
node,1213,6.924681741519936,-1.3470455941818713
node,1216,0.44471687735142046,-21.170769135406623
node,1231,4.262317919523428,-0.08584074787250273
node,1246,0.9659967500408834,-0.021593084546012165
node,1248,5.4158982995252485,-1.2588981504987657
node,1249,0.9659967500414499,-0.0019400182701474478
node,1262,0.6851845302668539,-0.008503652125284589
node,1263,6.800075308527533,-0.4526996269341126
node,1268,0.9210692382421076,-0.09408576800450419
node,1269,0.9210692382421075,-9.603245991119813
node,1281,3.531950430603379,-0.3673916193866944
node,1284,7.43533259706526,-0.4538830425059359
node,1286,0.3754981714112816,-0.00048249815618106595
node,1287,5.736909939854202,-16.95896526185318
node,1293,1.2983514811562429,-0.08012716565624345
node,1295,4.50593293958134,-0.07603635155173549
node,1297,6.353705762812975,-0.18121903079568824
node,1298,5.804284420737795,-0.5089842540570686
node,1301,5.455176460063023,-0.8338755438463394
node,1303,0.43936488666299695,-0.0024033667202232323
node,1305,13.383978193759173,-1.4283895756486018
node,1306,0.4393648866629035,-6.822066082924806
node,1315,1.1464666874012555,-4.087711124658675
node,1317,5.477531689867619,-4.193508699898629
node,1322,0.14859246381501834,-8.948910638650887e-05
node,1323,0.13342847316406214,-0.16321429141306965
node,1333,3.969464835076706,-0.20630183254998968
node,1335,6.835039667458795,-3.43880141216016
node,1336,2.7479239547781362,-0.4292037317210813
node,1342,1.116656805042581,-0.010987880367224534
node,1343,1.8713149419707928,-7.453728098822211
node,1344,1.1207858150329144,-0.011276555889217832
node,1350,4.908151489236091,-0.2807201994841577
node,1359,0.4599835933025901,-0.0017694845697775463
node,1361,5.284988123528274,-0.24517919111109876
node,1368,0.2769675571378331,-0.0003564761457539589
node,1369,0.1830160361634203,-0.6901834905780859
node,1371,2.4099880681776233,-0.17473495827429986
node,1472,6.114890778260677,-0.2161999035281923
node,1577,6.677260856340423,-0.031223701580806562
node,1582,7.147273863533448,-0.493773339894247
node,1594,3.028606889041419,-0.15772180356874088
node,1597,3.4593463747866635,-0.24551655872282296
node,1600,0.4700130071927739,-10.527682409569188
node,2059,-0.024439744242499464,-6.816400137665823e-06
node,2060,0.22787155722758304,-0.042841141637268265
node,2063,0.2034318129802509,-0.0007751731169349796
node,2087,2.107030156060509,-19.52132656862623
node,2088,5.956550061902672,-2.0414053943883204
node,2090,1.553504413984575,-0.006670571165241057
node,2091,2.7782733415840406,-5.4310268103551955
node,2195,2.9890397095802443,-0.022693270299036783
node,2210,-0.05673677811102737,0.014399681924636809
node,2212,12.785425665934458,-2.568722158040856
node,2216,2.932302931469891,-0.9261509127071577
node,2224,0.3922479589875227,-0.0005158874208390785
node,2231,0.3355111808760351,-0.001699885630394249
node,2234,0.33551118087617227,-0.0018750410532746287
node,2245,3.1482273507422365,-1.0371023190223454
node,2254,-0.05673677811022948,-0.00028409509689453216
node,2255,-0.056736778110502366,-0.006469690102598236
node,2267,0.10012065818953331,-0.02015267382695285
node,2282,0.5636583330643063,-0.6386427018195775
node,2284,4.166133659068323,-0.5942402993282059
node,2288,0.6755893714141104,-0.19410170172494645
node,2301,5.284988123528287,-0.49837460776889486
node,2308,3.5962639673151098,-0.04128250155616797
node,2310,5.284988123528286,-0.12284097545074246
node,2316,5.284988123528164,-0.0936250454094747
node,2328,1.6887241562131596,-0.015339774514409044
node,2330,1.6887241562133828,-0.010012632147258671
node,2331,1.6887241562134352,-0.015930094894500257
node,2342,0.5616271144145868,-6.387288435021141
node,2353,6.114890778260685,-0.8227337387289566
node,2359,5.553263663846099,-1.8320677067180497
node,2367,5.553263663846133,-0.2309513037909312
node,2369,5.553263663846102,-1.3107696910575015
node,2370,5.5532636638461055,-0.747130089056327
node,2379,2.4628127523702186,-0.2718472535514458
node,2382,1.3163460649689667,-5.269879758742473
node,2383,2.4628127523702226,-0.07521760394679688
node,2428,4.166133659068329,-0.062362514107142886
node,2430,5.328332348431497,-3.9120983719147517
node,2431,4.729791992132631,-4.2419538096779235
node,2461,3.779133841412567,-0.0728374482156795
node,2466,5.965158398453486,-0.046435964707825406
node,2468,12.853130012664003,-2.0437257083357565
node,2469,12.853130012664009,-1.172775750018232
node,2474,6.887971614211227,-0.07429754353250928
node,2475,5.965158398452269,-0.027861578824683875
node,2479,26.581293224439055,-1.314211178039514
node,2480,12.853130012664039,-2.6301961848204627
node,2482,0.2176121341158168,-0.02064087575620377
node,2504,2.98903970958062,-0.01013156240910007
node,2505,0.15918764116183337,-3.5276979034561506
node,2530,4.762878356881596,-0.5145867723397615
node,2532,4.762878356881604,-0.5827325431080865
node,2536,3.490544287654304,-0.06444064405393846
node,2542,3.490544287654199,-0.09451050783255255
node,2549,3.4905442876541013,-0.03515054983845545
node,2558,2.0889943608827615,-0.026881608229167853
node,2561,2.088994360882841,-2.389840430034802
node,2587,1.3189390291422005,-0.039461090088295236
node,2590,1.3189390291421226,-0.044686848976724036
node,2592,2.953376297571937,-0.1786092309529579
node,2593,1.3189390291421226,-0.16094432784290547
node,2595,1.3189390291420968,-0.01398812490742074
node,2596,1.318939029142112,-0.02658109048444146
node,2606,-0.056736778110938996,-0.0002840950969016376
dcp,3,2.762212923303943,-0.010780935990169382
dcp,5,4.029259352665142,-0.012484661885970638
dcp,7,5.514445642219338,-2.365403088098791
dcp,11,4.575224463373609,-0.5300154295011872
dcp,19,3.7703085558034815,-0.06068480238086593
dcp,21,0.3384284178476391,-0.006004319617016307
dcp,23,-2.127511921436812,-0.013112711309055669
dcp,25,4.661838793564044,-0.07762335493453776
dcp,27,7.60702065417397,-1.6607583886318977
dcp,29,7.607020634221444,-0.9661434738704457
dcp,35,7.607020536533677,-1.429641616827805
dcp,39,1.6758129103985935,-0.7381408109796794
dcp,41,1.485186289634115,-0.0419274342099456
dcp,44,3.9390767639497484,-2.434635641140133
dcp,46,4.878297942793751,-0.1770555636908746
dcp,50,4.510388561815913,-0.42896525457791057
dcp,52,4.192655775947568,-0.021498337283183844
dcp,54,-0.06966212938732343,-6.604677501798051e-06
dcp,60,0.1479500040785857,-0.08640762146763947
dcp,68,0.9392211787965613,-0.01906385023096746
dcp,74,5.027626977503728,-0.012031867719862532
dcp,76,2.762212923400641,-0.017960596831311904
dcp,84,2.7622129233324393,-0.020974375822785163
dcp,89,1.2670464293462524,-0.03058460216762171
dcp,90,0.3966360760944433,-0.0011418298436467467
dcp,91,1.0885502134854683,-0.008241268600428953
dcp,92,1.6636825053720736,-0.01913130647664474
dcp,97,2.9451818604990345,-0.28021163319886
dcp,101,5.048769239801912,-0.2077440773196777
dcp,103,8.50811561660539,-0.7605086573160804
dcp,105,3.6343266932354967,-0.10550814413915788
dcp,107,1.933605910879953,-0.03695087486312332
dcp,109,1.3820475960602863,-8.985411328612308
dcp,115,1.9336059109765478,-2.1603680628016377
dcp,121,1.93360591097735,-0.31842508952592397
dcp,123,8.640323251732365,-0.7031771959396096
dcp,126,2.0889943619650984,-0.04667188316702209
dcp,138,3.4994169734874263,-0.20289038854897257
dcp,140,3.49941697347659,-0.2609727830963422
dcp,142,9.853122740302426,-0.15203358743373485
dcp,144,12.944613314835008,-0.44186366757678286
dcp,146,12.9446133148404,-0.9839300174490049
dcp,148,13.383978201803924,-1.5656038257056082
dcp,149,6.7067173408173115,-0.2541393739180293
dcp,152,1.4104226114998368,-2.463393923936536
dcp,154,1.70072078231241,-0.025161432809504447
dcp,158,1.7007207822851385,-0.02388586183862884
dcp,160,1.7007207823110346,-0.29907366704601657
dcp,162,1.7007207823193684,-0.20281289179808226
dcp,164,1.7007207823083499,-0.08619258491949466
dcp,166,1.9088763589212374,-0.09026443539978146
dcp,168,1.9088763589345463,-0.09814963797683873
dcp,170,1.3594550165382002,-0.023868443220813162
dcp,172,3.4994169735193443,-0.3298070946704854
dcp,183,7.2794815028166,-1.4983163106069775
dcp,185,2.348117533540142,-0.20854852270267799
dcp,187,2.348117533529845,-0.03677608519497255
dcp,189,2.1399619568991812,-0.1790239375595135
dcp,190,2.139961956943795,-0.03404811541223296
dcp,191,0.5494213423580099,-3.099713602452354
dcp,192,0.20815557658397538,-0.0007895363743131156
dcp,194,0.2919299273021476,-24.181222556488084
dcp,202,0.29192992730239303,-0.01409027311457578
dcp,207,7.683573005003948,-0.31514107602977504
dcp,209,6.479964870214895,-0.2299789272271724
dcp,211,4.462027432270902,-0.5531508841064934
dcp,213,4.204033837871546,-0.4148771405710079
dcp,215,3.8490216712722765,-0.03432628045266739
dcp,217,3.84902167123926,-0.2983290071055009
dcp,219,4.140951598710763,-0.04242286587344779
dcp,221,7.216611675187919,-0.21144270532606413
dcp,226,5.310635782401837,-3.9281496898329777
dcp,228,0.8103420013514755,-0.009904971336688106
dcp,230,5.243007506175401,-0.20361196894657496
dcp,232,3.3716925643430233,-4.257637004886519
dcp,234,4.7628783564102015,-2.098771777195651
dcp,240,6.6341932982283165,-0.3858577691369547
dcp,242,7.032411206854766,-3.4478408062715786
dcp,245,3.1214272134041963,-0.06704370130607629
dcp,247,8.282772149486469,-3.1333648552591384
dcp,249,1.4826968415971709,-0.024626363929570516
dcp,251,0.5616276034960249,-9.22464809070324
dcp,253,7.361702911460052,-0.6237806488984603
dcp,255,8.282772149679246,-0.859612060478284
dcp,257,8.282772149683105,-0.46321633139303486
dcp,259,8.282772149690558,-2.797135110128991
dcp,261,8.887082705824527,-0.29483323226227753
dcp,263,8.887082705828934,-0.4168577015488495
dcp,265,0.3594410713116173,-18.091433667293778
dcp,266,0.6043105560705616,-17.12638346079072
dcp,270,6.8000753078599185,-1.3703527519466974
dcp,274,5.553263663311643,-1.7576229944887913
dcp,280,5.553263663292521,-0.5087466494697992
dcp,288,0.6851845302000931,-7.414563532620285
dcp,290,0.6851845302237828,-0.00315489108788114
dcp,294,51.20479411488035,-34.28436897598111
dcp,300,2.4626543154865526,-0.5142533770077904
dcp,302,2.720647909884618,-0.44105110600305153
dcp,304,3.0756600765515585,-0.09391575175166622
dcp,305,0.3550121666337396,-0.06774245050297623
dcp,306,0.2579935943527241,-0.04156848507093258
dcp,308,7.1472738688118715,-6.8793534278682245
dcp,310,3.075660076557057,-0.11790551267495175
dcp,311,3.075660076570388,-0.0955144385020219
dcp,313,8.64032325172756,-8.704197433793347
dcp,315,9.843931386534532,-6.858890191392504
dcp,317,9.843931386533647,-1.8134424639620264
dcp,319,8.465241499094823,-0.5734974900448933
dcp,320,9.84393138642049,-0.4246641672408842
dcp,325,1.3786898872999234,-0.5734974900448933
dcp,326,34.144251053424796,-6.972828512275818
dcp,328,41.360862728644626,-4.432478022019318
dcp,329,41.360862728644534,-3.8491221727299987
dcp,331,-1.2036081347545378,-0.029237109243595683
dcp,333,-1.2036081347443515,1.7719163985877344
dcp,337,2.462654315465853,-0.08046599216963557
dcp,339,6.677260861027288,-0.19934316816235054
dcp,344,0.9210692381518027,-0.15109698234135038
dcp,358,19.054398643133954,-2.978990233280271
dcp,360,11.422094651995655,-0.842146709473699
dcp,362,12.667495248168464,-0.45138927108084914
dcp,364,12.66749524815555,-0.45524044154061727
dcp,366,15.755623878832937,-2.328984713517155
dcp,368,15.755623878835527,-4.681552196997917
dcp,370,11.668508166895576,-1.2652798918405637
dcp,372,6.717388788658746,-0.10130183574980833
dcp,374,3.410384039583476,-0.01624811485853428
dcp,376,3.4103840396629908,-1.7098901975937153
dcp,378,3.295424629475876,-0.3649878076268891
dcp,380,5.690180013021241,-1.8282321596028126
dcp,382,3.856654103030761,-0.13100826190669324
dcp,390,4.090458550475117,-0.16840608185650296
dcp,393,5.765655492114658,-0.06219724746777189
dcp,394,0.5515583148688273,-8.985411328612308
dcp,395,0.3177327857279249,-0.0008640663398402637
dcp,400,0.5362991361605941,-0.026165359821028744
dcp,402,0.3687374237918057,-0.0039275510726390905
dcp,403,0.9050365600560859,-0.00779774798636268
dcp,404,0.5362991361590217,-20.63460479415053
dcp,408,2.5171526282754564,-0.13894340171661312
dcp,409,4.262317905230056,-0.023581225394966765
dcp,412,1.7451652769332275,-0.13894340171661312
dcp,424,4.873788923432794,-0.41899360399543895
dcp,430,4.379336170189782,-0.02003332510506084
dcp,432,4.607207727442594,-0.30069265887856034
dcp,434,5.894541349706178,-0.1351257073262886
dcp,436,4.113684982730829,-1.0778048418989101
dcp,438,1.2873336223341147,-0.34430897365037083
dcp,440,3.4405985350247192,-1.1862932619148978
dcp,442,1.6338626628826216,-1.2007309915466138
dcp,444,1.8067358722176505,-0.12701696375479798
dcp,455,4.931363969230879,-0.5581061462018013
dcp,459,3.0171635975116127,-0.16484212496149553
dcp,474,0.41471654044123246,-0.00289097669806182
dcp,479,2.534326872165119,-0.16481579656583634
dcp,480,2.103587379118039,-0.037772481698485905
dcp,486,0.4944527531170039,0.022801000158196416
dcp,488,-2.4659403392497947,0.02020670361764587
dcp,493,5.99229815217921,-0.42331513429781253
dcp,495,5.9922981521546985,-0.8158933311931591
dcp,496,6.460553855313392,-1.2115508738199061
dcp,499,0.36545624697169066,-26.824797977919435
dcp,517,0.37176853917377056,-27.063666252200942
dcp,521,2.174219476310029,-0.3199436760436356
dcp,525,6.1220619760981325,-0.9711350256061664
dcp,526,5.156065226211771,-0.31731866285191757
dcp,527,4.796624154862935,-0.18631557138585464
dcp,529,1.6751969416947048,-0.004846453838304399
dcp,533,5.863204244104113,-0.24596860847780988
dcp,535,10.178493494055028,-0.5636970118881592
dcp,541,7.984050356848458,-0.8613232520805489
dcp,545,7.984050356890923,-0.07394426971758605
dcp,547,3.9556259750602214,-0.08256909686156888
dcp,549,7.984050356940618,-4.842839706081577
dcp,551,2.4255842150160274,-0.21078079440042075
dcp,553,1.7518112120586877,-0.029629674556616692
dcp,555,1.7518112120848868,-33.98041249700888
dcp,557,1.7518112120988,-0.033852401869395976
dcp,559,9.612142944598615,-0.551772739748742
dcp,561,9.949029369603629,-2.7758844512800778
dcp,563,9.949029369600167,-0.8177000945659927
dcp,565,13.728163210806839,-4.997459188185005
dcp,567,21.00749064514334,-4.991710155520636
dcp,569,22.528644502002344,-1.1820602479943148
dcp,573,22.52864450200245,-0.6532037523266325
dcp,575,7.822838355698569,-0.8576731511505358
dcp,577,7.0222920954382655,-1.927431747092072
dcp,580,4.091324111723502,-0.38774064371480677
dcp,582,4.091324111722733,-0.2763932614840492
dcp,584,3.2905352945735706,-0.906889179812552
dcp,586,0.35946684528966094,-5.612823590693061
dcp,588,0.46825570312432085,-3.219104037648954
dcp,593,3.0881286307685376,-0.02529089994333944
dcp,597,7.999413224991058,-1.084576881841599
dcp,599,3.5731293207266654,-0.08878347835389633
dcp,601,4.4396192007846,-0.11554130171442978
dcp,603,8.911579652895805,-1.4627679439285686
dcp,605,4.43399624987871,-0.5620099859582268
dcp,607,12.629714983680469,-0.6389958604794259
dcp,608,0.8007888171021025,-0.012546946567272954
dcp,615,6.228660491016096,-0.2388682742815078
dcp,617,12.158415827629307,-0.7120830223826644
dcp,621,3.795618229660314,-0.12693759005410143
dcp,630,0.32851724799669885,-27.82668015264249
dcp,637,3.2137831644207457,-0.07600671199521969
dcp,639,2.8852659163619854,-0.050930878058881746
dcp,660,10.11623729012304,-0.7992617864676923
dcp,662,14.431526540129903,-1.063004763053332
dcp,663,4.911284594162388,-0.0749913071783368
dcp,670,4.315289249938527,-0.23556477457953306
dcp,673,12.908310130786665,-0.7848012557374062
dcp,675,12.908310130778132,-2.1501221664590275
dcp,679,13.717034104124183,-2.9749507161672994
dcp,687,14.391074308782606,-1.07196523028243
dcp,691,19.964876885769012,-4.654807697248387
dcp,692,18.443723028682356,-0.5701264605100675
dcp,693,1.5211538569390677,-0.009857252580601994
dcp,697,7.022292095553716,-31.221327061051895
dcp,700,7.022292095436682,-0.8238160662873071
dcp,702,5.956550061386496,-3.269668949559545
dcp,704,5.956550061385268,-18.22054369153002
dcp,713,9.520241945753156,-0.7478294403285481
dcp,715,6.314221858700714,-0.2404523374134726
dcp,717,6.02546487512597,-0.0902935864529475
dcp,719,4.3317777636801225,-0.12112354742371068
dcp,733,13.001699546211107,-1.3405204353432723
dcp,742,17.06371123349095,-0.8988425341521129
dcp,744,19.53090325046416,-0.3539913366909033
dcp,746,28.440955424682564,-0.7102036161215892
dcp,748,11.461986311709056,-0.6069623415693037
dcp,749,11.828926166529707,-1.5104741204634138
dcp,751,0.4765046072954949,-0.22808906731943424
dcp,758,0.3669398549138724,-0.1352570872895562
dcp,762,0.2353953403544227,-0.00043891026373188424
dcp,764,6.451567416110445,-1.0756976305886283
dcp,766,6.451567416111798,-1.0336170585210738
dcp,767,6.0533495074927,-0.05774943144954392
dcp,768,0.39821790858280715,-8.100947266845445
dcp,770,6.120977783689192,-4.239282189196317
dcp,771,1.9548441250684399,-0.21206181330008889
dcp,774,2.5530079197961792,-0.03412094181076242
dcp,776,5.593924402420865,-0.30966553521711404
dcp,778,5.831480778343105,-0.06525783652284645
dcp,780,6.391651005696887,-1.0220245689094867
dcp,782,5.274994200206765,-0.05907367197333002
dcp,784,6.3957800157098506,-1.0830273091996432
dcp,786,11.303931504386924,-2.2466080476091292
dcp,788,10.92843333308676,-1.2955837466953497
dcp,790,9.576414883987594,-1.23832937057459
dcp,792,5.744971716132423,-0.20806162892079527
dcp,808,2.4099880679223924,-0.3916246888490562
dcp,810,2.4099880679223675,-0.12346736719987916
dcp,812,2.5930041041763436,-0.013830589774755708
dcp,814,2.5930041041605203,-0.2955187563308499
dcp,816,9.196931256352874,-17.884513823375052
dcp,818,16.632263852967323,-1.7447192909168763
dcp,820,16.632263852967323,-2.2885781978365856
dcp,821,3.7791338410442195,-0.8506985494355348
dcp,827,2.1330205107727904,-0.12974142665624555
dcp,828,3.8314431677680205,-0.08044616297814144
dcp,830,1.6984226570751346,-0.047449435498464254
dcp,835,4.087115712004337,-0.797907856005672
dcp,837,4.087115712006077,-0.9978776031958247
dcp,839,6.835039666480002,-1.6333932960944608
dcp,841,12.393505808404822,-5.277507567634821
dcp,843,6.308547458270887,-0.6388338206258268
dcp,845,6.070991082457238,-0.10069314019998643
dcp,847,5.510820854936961,-1.0358004795120621
dcp,849,6.627477660543685,-0.03680923569609007
dcp,851,5.5066918449524005,-0.8135836656693698
dcp,853,0.5985403561850476,-0.007411845794081273
dcp,855,6.680350796975994,-0.13017721211000577
dcp,857,6.680350796975602,-0.8733520881016688
dcp,859,4.272315326295398,-0.3709856853763398
dcp,861,4.272315326290734,-0.3171585372243655
dcp,863,4.27231532629615,-0.37376009247006436
dcp,865,5.36141176795039,-0.57871777281769
dcp,866,0.3754981713741651,-4.214460090693464
dcp,867,1.3520184490571192,-0.09659822313689403
dcp,868,2.4080354706339993,-1.2405135459876533
dcp,870,0.5601702274652404,-0.0027880302250125055
dcp,871,0.23755637585098716,-0.03822333390215249
dcp,873,4.235188024233263,-0.24629044247396337
dcp,875,2.12087143446406,-0.07650810876670988
dcp,877,2.1208714344474404,-0.04093267033724146
dcp,878,1.5592441959776813,-0.008523936074190885
dcp,879,1.833525909965718,-0.07869678029822325
dcp,880,2.1143165899388547,-0.07365323356967224
dcp,887,10.376967250451953,-0.5373304320915935
dcp,895,10.376967250446983,-1.6776769803565088
dcp,897,10.228374049368876,-0.24993630967249203
dcp,899,4.012201973719799,-0.4271541857286323
dcp,901,1.6174465901907555,-0.04757961945744427
dcp,903,0.8087226167282113,-32.3613342845627
dcp,906,12.09958751401083,-1.2455713532223172
dcp,913,0.635973929929289,-1.984398233317762
dcp,915,4.922012867481575,-4.1688463316899345
dcp,917,6.496209640032591,-1.748165641544432
dcp,919,6.362781166903672,-0.1636807910312683
dcp,920,6.6448028409977,-0.6255212857411223
dcp,921,6.4094075005885935,-1.9817235374949291
dcp,923,0.8087239734111794,-35.296257706759135
dcp,927,2.394755383492146,-0.34366108680489305
dcp,928,5.557986797458514,-1.5476499837602304
dcp,930,0.8005462602129205,-85.27560534499402
dcp,932,0.2697660764227552,-22.219262080627693
dcp,939,8.910052174195279,-1.0395993445354215
dcp,949,0.3421399210120352,-0.001292924668700124
dcp,953,3.4811371780135842,-0.2221529698679845
dcp,954,3.7491841906841357,-0.10182443190108259
dcp,956,1.6421540371784202,-19.506768787307138
dcp,958,1.6421540371775922,-0.00732415539901865
dcp,960,0.2680470127394525,-0.22938654957686566
dcp,962,1.3741070244202496,-0.007233579708881166
dcp,964,13.345575902857712,-0.9382539590706358
dcp,965,9.91305541016447,-1.2561683774832808
dcp,966,3.4325204926476816,-0.3269441826784494
dcp,968,1.2454005961548262,-3.593047875434536
dcp,990,0.8664898800513725,-5.590279409541754
dcp,991,0.866489880102058,-0.003853129783617959
dcp,993,4.471960452218474,-0.2853176048932937
dcp,998,0.28875698343668643,-22.437349785746243
dcp,999,5.573802577040198,-0.32704520569164686
dcp,1000,4.951119378181367,-0.25324982697513576
dcp,1002,1.9337131767423923,-0.2190188940250195
dcp,1004,1.9337131767650033,-0.024600503710317412
dcp,1006,1.933713176724101,-0.04546923926201174
dcp,1007,1.9337131768110039,-0.01456436570241948
dcp,1009,0.5590807944277879,-1.7261383124522496
dcp,1011,0.6740402046421651,-0.00711526522263739
dcp,1013,0.6740402046076877,-46.14377390361305
dcp,1014,0.9659967499595741,-27.91808439567412
dcp,1016,9.246523777168191,-0.23469256438496444
dcp,1018,9.246523777163405,-1.041026107085031
dcp,1020,9.246523777161775,-1.3695956972231613
dcp,1022,10.571963525528165,-5.359534792283803
dcp,1023,0.5616272384287885,-27.340948971194543
dcp,1024,11.13359076400436,-1.5280160073630782
dcp,1026,1.3254397483848692,-0.016018416021523763
dcp,1028,1.325439748376711,-20.65147845852332
dcp,1030,1.325439748364361,-0.02591441705705222
dcp,1032,1.3254397483266251,-0.006410528630993895
dcp,1033,1.3254397483303828,-0.01417027238638724
dcp,1035,6.216172075724201,-0.3765159091597283
dcp,1043,0.2820216741007272,-0.00040253283302860154
dcp,1045,4.028424381755572,-0.08256909686156888
dcp,1050,0.13342847320117557,-6.396674475439568e-05
dcp,1052,0.6737730030333061,-0.0019961063521307665
dcp,1054,0.6737730029673159,-0.002702937734426314
dcp,1055,0.33688642508141387,-34.75950178482624
dcp,1058,2.5530079198290023,-0.33327067750010286
dcp,1059,0.336886577838268,-34.2077290450775
dcp,1060,5.558466141878343,-1.5533856357209714
dcp,1068,34.14425105343268,-20.100072961077224
dcp,1070,43.597773459698,-28.21686905279752
dcp,1073,3.670187903418973,-0.46170729144970934
dcp,1078,26.26656138448815,-1.2749947923914817
dcp,1080,48.79520588642164,-8.716738922161198
dcp,1085,21.37504172168242,-0.8205787658521793
dcp,1088,0.3421399210046145,-2.2600414514500677
dcp,1093,51.29397291133622,-19.31469703424911
dcp,1094,1.1358358437730895,-1.2922840201319268
dcp,1096,4.562496463249183,-1.1625112211285504
dcp,1098,0.35951640418468106,-0.004629032735252281
dcp,1099,0.3595164041850407,-1.944508219036809
dcp,1101,7.632303991260428,-0.6389086403102269
dcp,1102,3.2060200870124316,-0.4117387486913877
dcp,1104,5.108253510774566,-1.7307274861837758
dcp,1105,0.8277225483510752,-0.004121024571549725
dcp,1138,0.49103394759865354,-0.002027771580010551
dcp,1140,0.4910339476341428,-4.412905953983177
dcp,1142,9.275256366714826,-0.16853351572916608
dcp,1143,7.523445154537837,-22.641456819605466
dcp,1165,7.984050356853407,-0.1898965340401979
dcp,1166,12.310680427093002,-1.1642290135042757
dcp,1184,20.2947307840013,-4.362591625727195
dcp,1185,13.717034104006194,-7.8107744056298145
dcp,1188,4.873788923313399,-0.659215970152033
dcp,1192,3.4318801379288626,-0.02332004653660036
dcp,1195,4.0620116872198455,-0.15943891004592103
dcp,1197,1.6984226570864807,-18.512099132479342
dcp,1202,4.141651137956016,-0.1034342431156503
dcp,1204,4.352945181094883,-0.029672774319902118
dcp,1206,4.586368015442799,-0.21251429720279447
dcp,1208,0.21129404306422359,-0.1346276966598019
dcp,1210,0.23342283442031211,-0.16430047097970402
dcp,1213,6.924681747665325,-1.3470455965727766
dcp,1216,0.444716877532127,-21.170769152611715
dcp,1231,4.262317905235274,-0.08584074729699509
dcp,1246,0.9659967499600359,-0.021593084542402607
dcp,1248,5.415898298919744,-1.25889815021727
dcp,1249,0.9659967498087526,-0.0019400182692095314
dcp,1262,0.6851845301874587,-0.008503652123316385
dcp,1263,6.800075307930638,-0.4526996268546313
dcp,1268,0.9210692381524969,-0.0940857679861935
dcp,1269,0.9210692381535969,-9.603245989274157
dcp,1281,3.5319504302388927,-0.3673916193108653
dcp,1284,7.435332596563795,-0.45388304244471556
dcp,1286,0.37549817126355295,-0.0004824981557973729
dcp,1287,5.736909939435316,-16.958965259376626
dcp,1293,1.2983514819010071,-0.08012716574816636
dcp,1295,4.505932942228336,-0.07603635164107203
dcp,1297,6.353705766759235,-0.18121903102079528
dcp,1298,5.804284424343565,-0.5089842546894587
dcp,1301,5.455176462832551,-0.8338755446930364
dcp,1303,0.4393648869168741,-0.0024033667230014544
dcp,1305,13.383978201803268,-1.4283895773655928
dcp,1306,0.43936488691561426,-6.8220660907725374
dcp,1315,1.1464666811751176,-4.087711080260259
dcp,1317,5.477531681611284,-4.193508687256799
dcp,1322,0.14859320101127277,-8.948999433755489e-05
dcp,1323,0.13342847318058496,-0.16321429145348532
dcp,1333,3.9694648341823715,-0.20630183245702938
dcp,1335,6.8350396664793704,-3.4388014111746372
dcp,1336,2.7479239544261485,-0.4292037316111248
dcp,1342,1.1166568055677653,-0.01098788037756293
dcp,1343,1.8713149417812636,-7.453728097312371
dcp,1344,1.12078581555309,-0.011276555899677021
dcp,1350,4.908151488762299,-0.2807201994299504
dcp,1359,0.4599835931033389,-0.001769484568242774
dcp,1361,5.284988122959074,-0.24517919105828412
dcp,1368,0.2769675569810227,-0.00035647614534894956
dcp,1369,0.18301603614391485,-0.690183490430968
dcp,1371,2.409988067918236,-0.17473495823668372
dcp,1472,6.114890777722405,-0.21619990349012852
dcp,1577,6.677260860794873,-0.031223701623922295
dcp,1582,7.147273868804642,-0.4937733406225746
dcp,1594,3.028606883824288,-0.15772180425724613
dcp,1597,3.459346376867364,-0.2455165590181636
dcp,1600,0.4700130074662702,-10.527682421821119
dcp,2059,-0.02443974555725341,-6.816400869524841e-06
dcp,2060,0.22787155729900505,-0.04284114166412678
dcp,2063,0.20343181176634229,-0.0007751731076837132
dcp,2087,2.1070301535666114,-19.521326522415038
dcp,2088,5.9565500613848466,-2.0414053940333865
dcp,2090,1.5535044229099768,-0.006670571241890855
dcp,2091,2.7782733408251996,-5.431026807388399
dcp,2195,2.989039711390078,-0.022693270326520576
dcp,2210,-0.05673677818412179,0.014399681961947408
dcp,2212,12.785425673529616,-2.5687221610927438
dcp,2216,2.932302933286112,-0.9261509138544426
dcp,2224,0.3922479594542333,-0.000515887422061212
dcp,2231,0.3355111809459561,-0.0016998856311047916
dcp,2234,0.33551118093475335,-0.001875041053928328
dcp,2245,3.1482273523487567,-1.0371023200807983
dcp,2254,-0.05673677818926155,-0.0002840950976832346
dcp,2255,-0.056736778183817796,-0.006469690119317306
dcp,2267,0.10012065234208159,-0.02015267147295674
dcp,2282,0.5636583329984731,-0.6386427016703919
dcp,2284,4.166133658573509,-0.5942402991870495
dcp,2288,0.6755893713538096,-0.19410170169029328
dcp,2301,5.284988122974609,-0.4983746076644735
dcp,2308,3.5962639670209056,-0.04128250154941071
dcp,2310,5.284988123221093,-0.12284097543644634
dcp,2316,5.284988123153473,-0.09362504539620176
dcp,2328,1.6887241560944009,-0.015339774512248994
dcp,2330,1.6887241560909654,-0.010012632145809164
dcp,2331,1.6887241560467194,-0.015930094891352553
dcp,2342,0.5616271143593371,-6.3872884337644535
dcp,2353,6.1148907776955825,-0.8227337385769005
dcp,2359,5.553263663316418,-1.832067706368555
dcp,2367,5.5532636632816335,-0.23095130374397854
dcp,2369,5.553263663281539,-1.3107696907909911
dcp,2370,5.5532636632738255,-0.7471300889023382
dcp,2379,2.462812746271632,-0.27184725220511297
dcp,2382,1.3163460650616359,-5.269879759484461
dcp,2383,2.462812746284071,-0.07521760357503737
dcp,2428,4.166133658600467,-0.06236251409313809
dcp,2430,5.328332347861144,-3.912098371077242
dcp,2431,4.729791991636139,-4.241953808787358
dcp,2461,3.779133841044144,-0.07283744820148286
dcp,2466,5.965158398094388,-0.04643596470222633
dcp,2468,12.853130011718388,-2.0437257080350406
dcp,2469,12.85313001164418,-1.1727757498321267
dcp,2474,6.887971613687768,-0.07429754352121165
dcp,2475,5.965158397841887,-0.027861578818985322
dcp,2479,26.581293222342502,-1.314211177832206
dcp,2480,12.853130011718903,-2.6301961844336432
dcp,2482,0.21761213339674074,-0.020640875620845378
dcp,2504,2.9890397115148732,-0.010131562422209583
dcp,2505,0.1591876412574933,-3.5276979076959165
dcp,2530,4.762878356422439,-0.5145867722405484
dcp,2532,4.7628783563976125,-0.5827325429896533
dcp,2536,3.4905442872934525,-0.06444064404061578
dcp,2542,3.490544287390365,-0.09451050781826353
dcp,2549,3.4905442873046146,-0.03515054983141397
dcp,2558,2.088994361961872,-0.026881608256942968
dcp,2561,2.088994361965768,-2.389840432512571
dcp,2587,1.3189390288673564,-0.03946109007184617
dcp,2590,1.3189390288675304,-0.04468684895811492
dcp,2592,2.9533762972736186,-0.17860923091688363
dcp,2593,1.318939028867797,-0.16094432777595813
dcp,2595,1.3189390288672325,-0.013988124901587184
dcp,2596,1.3189390288671037,-0.026581090473356994
dcp,2606,-0.05673677818345074,-0.0002840950976263912
